image: ./map1.pgm
resolution: 0.05
origin: [-47.831295, -50.394739, 0.0]
negate: 0
occupied_thresh: 0.65
free_thresh: 0.196
