waypoints:
    - point:
        x: 23.832395277342513
        y: -39.51859423889264
        z: 0
    - point:
        x: 7.288423107180874
        y: -42.101774823056566
        z: 0
    - point:
        x: 2.399529025831852
        y: -42.22065671153237
        z: 0
    - point:
        x: -14.161232871434652
        y: -40.556537994560074
        z: 0
