waypoints:
    - point:
        x: 7.058685
        y: 0.5
        z: 0
    - point:
        x: 14.117370781974484
        y: 1
        z: 0
    - point:
        x: 14.117370781974484
        y: -2.1647149478696024
        z: 0
    - point:
        x: -258532440.12709326
        y: 18422863.225660857
        z: 0
