image: ./tsukuba_map3.pgm
resolution: 0.100000
origin: [-62.800000, -114.000000, 0.000000]
negate: 0
occupied_thresh: 0.65
free_thresh: 0.196

