image: ./map0.pgm
resolution: 0.1
origin: [-411.71522742895434, 58.956719886505816, 0.0]
negate: 0
occupied_thresh: 0.65
free_thresh: 0.196
