image: ./map1.pgm
resolution: 0.1
origin: [-449.340049, 128.403487, 0.0]
negate: 0
occupied_thresh: 0.65
free_thresh: 0.196
