image: /home/ubuntu/catkin_ws/src/tsukuba2023/maps/mymap.pgm
resolution: 0.100000
origin: [-117.200000, -162.000000, 0.000000]
negate: 0
occupied_thresh: 0.65
free_thresh: 0.196

