# initial pose config
initial_pose_x: 0.0    #1>-24.5767439585681  2>-245.4480394671959 3>-370.909143639328  4>-369.881981133847
initial_pose_y: 0.0   #1>-31.51237091  2>36.445157264051545  3>86.6870392345253  4>88.4367336233475
initial_pose_a: 0.0  #1>3.14159263  2>3.14159263  3>1.57079632  4>-1.57079632
initial_cov_xx: 0.065
initial_cov_yy: 0.065
initial_cov_aa: 0.065
