image: ./mymap_tsukuba_1_edited.pgm
resolution: 0.050000
origin: [-82.400000, -74.400000, 0.000000]
negate: 0
occupied_thresh: 0.65
free_thresh: 0.196

