image: ./map3.pgm
resolution: 0.1
origin: [-602.157905, 58.832836, 0.0]
negate: 0
occupied_thresh: 0.65
free_thresh: 0.196
