image: ./map3.pgm
resolution: 0.1
origin: [-604.640432, 48.633033, 0.0]
negate: 0
occupied_thresh: 0.65
free_thresh: 0.196
