image: ./map7.pgm
resolution: 0.1
origin: [-410.819813, -26.960649, 0.0]
negate: 0
occupied_thresh: 0.65
free_thresh: 0.196
