image: ./map8.pgm
resolution: 0.1
origin: [-273.169153, -70.548067, 0.0]
negate: 0
occupied_thresh: 0.65
free_thresh: 0.196
