image: ./mymap_nakaniwa_trim.pgm
resolution: 0.05
origin: [28.170469620170707, -28.544742473573685, 0.0]
negate: 0
occupied_thresh: 0.65
free_thresh: 0.196
