image: ./map2.pgm
resolution: 0.1
origin: [-554.423675, -49.010222, 0.0]
negate: 0
occupied_thresh: 0.65
free_thresh: 0.196
