image: ./map4.pgm
resolution: 0.1
origin: [-655.682101, 71.05415, 0.0]
negate: 0
occupied_thresh: 0.65
free_thresh: 0.196
