image: ./map5.pgm
resolution: 0.1
origin: [-651.467145, 225.574369, 0.0]
negate: 0
occupied_thresh: 0.65
free_thresh: 0.196
