image: ./map6.pgm
resolution: 0.1
origin: [-513.631222, 1.709453, 0.0]
negate: 0
occupied_thresh: 0.65
free_thresh: 0.196
