image: ./map6.pgm
resolution: 0.1
origin: [-494.929449, 7.12399, 0.0]
negate: 0
occupied_thresh: 0.65
free_thresh: 0.196
