image: ./map7.pgm
resolution: 0.1
origin: [-426.580826, -17.472845, 0.0]
negate: 0
occupied_thresh: 0.65
free_thresh: 0.196
