image: ./map1.pgm
resolution: 0.1
origin: [-350.89098, -195.832279, 0.0]
negate: 0
occupied_thresh: 0.65
free_thresh: 0.196
