image: ./map0.pgm
resolution: 0.1
origin: [-324.65831122520103, -15.237809571939238, 0.0]
negate: 0
occupied_thresh: 0.65
free_thresh: 0.196
