image: ./map2.pgm
resolution: 0.1
origin: [-596.069262, -116.387734, 0.0]
negate: 0
occupied_thresh: 0.65
free_thresh: 0.196
