image: ./merged_map.pgm
resolution: 0.1
origin: [-596.0692617101397, -228.31960010947802, 0]
negate: 0
occupied_thresh: 0.65
free_thresh: 0.196
